#connexite

Matrice
 0.5000  0.5000  0.0000  0.0000  0.0000 
 0.5000  0.5000  0.0000  0.0000  0.0000 
 0.0000  0.0000  0.5000  0.5000  0.0000 
 0.0000  0.0000  0.5000  0.5000  0.0000 
 0.0000  0.0000  0.0000  0.0000  1.0000 

N=10000 Nexp=230400000 Nexp=2304000
Distribution initiale
 0.9990  0.0000  0.0000  0.0000  0.0000 
Fglob=( 0.4963  0.4960  0.0000  0.0000  0.0077 ) Ffin=( 0.4938  0.4927  0.0000  0.0000  0.0135 )

N=10000 Nexp=230400000 Nexp=2304000
Distribution initiale
 0.0000  0.0000  0.9990  0.0000  0.0000 
Fglob=( 0.0000  0.0000  0.4963  0.4959  0.0077 ) Ffin=( 0.0000  0.0000  0.4936  0.4928  0.0136 )


#periodicité

Matrice
 0.0000  0.4999  0.0000  0.4999  0.0000 
 0.4999  0.0000  0.4999  0.0000  0.0000 
 0.0000  0.4999  0.0000  0.4999  0.0000 
 0.4999  0.0000  0.4999  0.0000  0.0000 
 0.0000  0.0000  0.0000  0.0000  1.0000 

N=100 Nexp=230400000
Distribution
 0.9990  0.0000  0.0000  0.0000  0.0010 
Fglob=( 0.2479  0.2479  0.2477  0.2477  0.0087 ) Ffin=( 0.4924  0.0000  0.4917  0.0000  0.0159  )
N=101 Nexp=230400000
Distribution
 0.9990  0.0000  0.0000  0.0000  0.0010 
Fglob=( 0.2454  0.2503  0.2453  0.2502  0.0088 ) Ffin=( 0.0000  0.4923  0.0000  0.4916  0.0161  )
N=100 Nexp=230400000
Distribution
 0.0000  0.9990  0.0000  0.0000  0.0100 
Fglob=( 0.2480  0.2479  0.2477  0.2477  0.0087 ) Ffin=( 0.0000  0.4924  0.0000  0.4916  0.0159  )
N=101 Nexp=230400000
Distribution
 0.0000  0.9990  0.0000  0.0000  0.0100 
Fglob=( 0.2504  0.2455  0.2501  0.2452  0.0088 ) Ffin=( 0.4924  0.0000  0.4916  0.0000  0.0161  )


#cas général

Matrice
 0.1000  0.4000  0.2000  0.0500  0.2500 
 0.6000  0.2000  0.0500  0.0500  0.1000 
 0.1000  0.2000  0.2000  0.3000  0.2000 
 0.0500  0.2000  0.4000  0.2500  0.1000 
 0.2000  0.2000  0.2000  0.0500  0.3500 

N=100 Nexp=230400000
Distribution
 0.9900  0.0000  0.0000  0.0000  0.0100 
Fglob=( 0.2538  0.2253  0.1591  0.1433  0.2185 ) Ffin=( 0.2896  0.1882  0.1467  0.1577  0.2177  )
N=1000 Nexp=230400000
Distribution
 0.9900  0.0000  0.0000  0.0000  0.0100 
Fglob=( 0.2537  0.2242  0.1600  0.1443  0.2178 ) Ffin=( 0.2880  0.1892  0.1475  0.1575  0.2178  )
N=10000 Nexp=230400000
Distribution
 0.9900  0.0000  0.0000  0.0000  0.0100 
Fglob=( 0.2511  0.2240  0.1649  0.1442  0.2158 ) Ffin=( 0.2745  0.1975  0.1551  0.1560  0.2168  )
N=100 Nexp=230400000
Distribution
 0.0000  0.9900  0.0000  0.0000  0.0100 
Fglob=( 0.2577  0.2620  0.1528  0.1287  0.1988 ) Ffin=( 0.2181  0.2947  0.1642  0.1225  0.2005  )
N=1000 Nexp=230400000
Distribution
 0.0000  0.9900  0.0000  0.0000  0.0100 
Fglob=( 0.2544  0.2590  0.1552  0.1311  0.2003 ) Ffin=( 0.2194  0.2918  0.1644  0.1235  0.2010  )
N=10000 Nexp=230400000
Distribution
 0.0000  0.9900  0.0000  0.0000  0.0100 
Fglob=( 0.2512  0.2452  0.1621  0.1363  0.2052 ) Ffin=( 0.2305  0.2632  0.1654  0.1347  0.2063  )
N=100 Nexp=230400000
Distribution
 0.0000  0.0000  0.9900  0.0000  0.0100 
Fglob=( 0.2343  0.2049  0.1971  0.1555  0.2083 ) Ffin=( 0.2547  0.1883  0.2076  0.1406  0.2088  )
N=1000 Nexp=230400000
Distribution
 0.0000  0.0000  0.9900  0.0000  0.0100 
Fglob=( 0.2362  0.2065  0.1948  0.1535  0.2090 ) Ffin=( 0.2542  0.1894  0.2060  0.1410  0.2094  )
N=10000 Nexp=230400000
Distribution
 0.0000  0.0000  0.9900  0.0000  0.0100 
Fglob=( 0.2403  0.2130  0.1864  0.1499  0.2104 ) Ffin=( 0.2531  0.1980  0.1917  0.1459  0.2113  )
N=100 Nexp=230400000
Distribution
 0.0000  0.0000  0.0000 99.0000  0.0100 
Fglob=( 0.2449  0.2147  0.1775  0.1249  0.2379 ) Ffin=( 0.2544  0.2064  0.1728  0.1314  0.2350  )
N=1000 Nexp=230400000
Distribution
 0.0000  0.0000  0.0000 99.0000  0.0100 
Fglob=( 0.2451  0.2154  0.1774  0.1269  0.2352 ) Ffin=( 0.2541  0.2065  0.1728  0.1322  0.2344  )
N=10000 Nexp=230400000
Distribution
 0.0000  0.0000  0.0000 99.0000  0.0100 
Fglob=( 0.2458  0.2185  0.1756  0.1336  0.2266 ) Ffin=( 0.2526  0.2094  0.1705  0.1402  0.2274  )
N=100 Nexp=230400000
Distribution
 0.0000  0.0000  0.0000  0.0100 0.9900 
Fglob=( 0.2446  0.2145  0.1777  0.1250  0.2382 ) Ffin=( 0.2542  0.2061  0.1729  0.1316  0.2352  )
N=1000 Nexp=230400000
Distribution
 0.0000  0.0000  0.0000  0.0100 0.9900 
Fglob=( 0.2451  0.2153  0.1774  0.1270  0.2352 ) Ffin=( 0.2541  0.2064  0.1727  0.1323  0.2344  )
N=10000 Nexp=230400000
Distribution
 0.0000  0.0000  0.0000  0.0100 0.9900 
Fglob=( 0.2458  0.2185  0.1757  0.1336  0.2264 ) Ffin=( 0.2530  0.2087  0.1706  0.1403  0.2273  )
N=100 Nexp=230400000
Distribution
 0.5000  0.5000  0.0000  0.0000  0.0000 
Fglob=( 0.2538  0.2251  0.1585  0.1247  0.2380 ) Ffin=( 0.2897  0.1882  0.1553  0.1315  0.2354  )
N=1000 Nexp=230400000
Distribution
 0.5000  0.5000  0.0000  0.0000  0.0000 
Fglob=( 0.2538  0.2242  0.1598  0.1269  0.2353 ) Ffin=( 0.2881  0.1892  0.1558  0.1326  0.2344  )
N=10000 Nexp=230400000
Distribution
 0.5000  0.5000  0.0000  0.0000  0.0000 
Fglob=( 0.2511  0.2241  0.1650  0.1336  0.2262 ) Ffin=( 0.2749  0.1977  0.1596  0.1409  0.2270  )
N=100 Nexp=230400000
Distribution
 0.9000  0.0250  0.0250  0.0250  0.0250 
Fglob=( 0.2539  0.2254  0.1592  0.1433  0.2182 ) Ffin=( 0.2898  0.1881  0.1467  0.1577  0.2176  )
N=1000 Nexp=230400000
Distribution
 0.9000  0.0250  0.0250  0.0250  0.0250 
Fglob=( 0.2536  0.2242  0.1602  0.1444  0.2176 ) Ffin=( 0.2880  0.1891  0.1476  0.1578  0.2175  )
N=10000 Nexp=230400000
Distribution
 0.9000  0.0250  0.0250  0.0250  0.0250 
Fglob=( 0.2509  0.2239  0.1651  0.1441  0.2159 ) Ffin=( 0.2745  0.1978  0.1544  0.1563  0.2171  )
N=100 Nexp=230400000
Distribution
 0.2000  0.2000  0.2000  0.2000  0.2000 
Fglob=( 0.2444  0.2142  0.1781  0.1544  0.2089 ) Ffin=( 0.2359  0.2241  0.1818  0.1490  0.2093  )
N=1000 Nexp=230400000
Distribution
 0.2000  0.2000  0.2000  0.2000  0.2000 
Fglob=( 0.2450  0.2152  0.1773  0.1533  0.2091 ) Ffin=( 0.2366  0.2237  0.1810  0.1493  0.2094  )
N=10000 Nexp=230400000
Distribution
 0.2000  0.2000  0.2000  0.2000  0.2000 
Fglob=( 0.2457  0.2186  0.1758  0.1494  0.2104 ) Ffin=( 0.2413  0.2204  0.1758  0.1509  0.2116  )
N=100 Nexp=230400000
Distribution
 0.0000  0.0000  0.3300  0.3300  0.3300 
Fglob=( 0.2345  0.2051  0.1974  0.1282  0.2348 ) Ffin=( 0.2545  0.1886  0.1816  0.1424  0.2329  )
N=1000 Nexp=230400000
Distribution
 0.0000  0.0000  0.3300  0.3300  0.3300 
Fglob=( 0.2362  0.2066  0.1949  0.1291  0.2333 ) Ffin=( 0.2541  0.1895  0.1810  0.1427  0.2326  )
N=10000 Nexp=230400000
Distribution
 0.0000  0.0000  0.3300  0.3300  0.3300 
Fglob=( 0.2405  0.2130  0.1863  0.1349  0.2252 ) Ffin=( 0.2531  0.1985  0.1759  0.1467  0.2258  )
N=100 Nexp=230400000
Distribution
 0.0000  0.0100 0.0000  0.0000  0.9900 
Fglob=( 0.2446  0.2145  0.1779  0.1250  0.2381 ) Ffin=( 0.2540  0.2061  0.1732  0.1315  0.2351  )
N=1000 Nexp=230400000
Distribution
 0.0000  0.0100 0.0000  0.0000  0.9900 
Fglob=( 0.2452  0.2154  0.1772  0.1271  0.2350 ) Ffin=( 0.2542  0.2066  0.1725  0.1324  0.2343  )
N=10000 Nexp=230400000
Distribution
 0.0000  0.0100 0.0000  0.0000  0.9900 
Fglob=( 0.2456  0.2185  0.1757  0.1338  0.2265 ) Ffin=( 0.2529  0.2089  0.1704  0.1408  0.2269  )



Matrice
 0.1000  0.4000  0.2000  0.0500  0.2500 
 0.6000  0.2000  0.0500  0.0500  0.1000 
 0.1000  0.2000  0.2000  0.3000  0.2000 
 0.0500  0.2000  0.4000  0.2500  0.1000 
 0.2000  0.2000  0.2000  0.0500  0.3500 

N=100 Nexp=230400000
Distribution initiale
 0.9900  0.0000  0.0000  0.0000  0.0100 
Fglob=( 0.2538  0.2255  0.1590  0.1432  0.2184 ) Ffin=( 0.2899  0.1881  0.1467  0.1576  0.2178 )

N=1000 Nexp=23040000
Distribution initiale
 0.9900  0.0000  0.0000  0.0000  0.0100 
Fglob=( 0.2540  0.2244  0.1598  0.1440  0.2177 ) Ffin=( 0.2885  0.1892  0.1475  0.1573  0.2176 )

N=10000 Nexp=2304000
Distribution initiale
 0.9900  0.0000  0.0000  0.0000  0.0100 
Fglob=( 0.2512  0.2240  0.1649  0.1441  0.2157 ) Ffin=( 0.2746  0.1980  0.1549  0.1562  0.2163 )


Matrice
 0.1000  0.4000  0.2000  0.0500  0.2500 
 0.6000  0.2000  0.0500  0.0500  0.1000 
 0.1000  0.2000  0.2000  0.3000  0.2000 
 0.0500  0.2000  0.4000  0.2500  0.1000 
 0.2000  0.2000  0.2000  0.0500  0.3500 

N=100 Nexp=230400000
Distribution initiale
 0.9900  0.0000  0.0000  0.0000  0.0100 
Fglob=( 0.2538  0.2254  0.1590  0.1429  0.2189 ) Ffin=( 0.2897  0.1881  0.1467  0.1573  0.2182 )

N=1000 Nexp=23040000
Distribution initiale
 0.9900  0.0000  0.0000  0.0000  0.0100 
Fglob=( 0.2537  0.2241  0.1600  0.1444  0.2178 ) Ffin=( 0.2880  0.1891  0.1474  0.1577  0.2177 )

N=10000 Nexp=2304000
Distribution initiale
 0.9900  0.0000  0.0000  0.0000  0.0100 
Fglob=( 0.2511  0.2240  0.1650  0.1441  0.2157 ) Ffin=( 0.2755  0.1974  0.1547  0.1562  0.2163 )

N=100 Nexp=230400000
Distribution initiale
 0.0000  0.9900  0.0000  0.0000  0.0100 
Fglob=( 0.2576  0.2623  0.1528  0.1285  0.1988 ) Ffin=( 0.2178  0.2951  0.1642  0.1223  0.2005 )


Matrice
 0.1000  0.4000  0.2000  0.0500  0.2500 
 0.6000  0.2000  0.0500  0.0500  0.1000 
 0.1000  0.2000  0.2000  0.3000  0.2000 
 0.0500  0.2000  0.4000  0.2500  0.1000 
 0.2000  0.2000  0.2000  0.0500  0.3500 

N=100 Nexp=23040000000
Distribution initiale
 0.9900  0.0000  0.0000  0.0000  0.0100 


Matrice
 0.1000  0.4000  0.2000  0.0500  0.2500 
 0.6000  0.2000  0.0500  0.0500  0.1000 
 0.1000  0.2000  0.2000  0.3000  0.2000 
 0.0500  0.2000  0.4000  0.2500  0.1000 
 0.2000  0.2000  0.2000  0.0500  0.3500 

N=100 Nexp=23040000000
Distribution initiale
 0.9900  0.0000  0.0000  0.0000  0.0100 


Matrice
 0.1000  0.4000  0.2000  0.0500  0.2500 
 0.6000  0.2000  0.0500  0.0500  0.1000 
 0.1000  0.2000  0.2000  0.3000  0.2000 
 0.0500  0.2000  0.4000  0.2500  0.1000 
 0.2000  0.2000  0.2000  0.0500  0.3500 

N=100 Nexp=23040000000
Distribution initiale
 0.9900  0.0000  0.0000  0.0000  0.0100 


Matrice
 0.1000  0.4000  0.2000  0.0500  0.2500 
 0.6000  0.2000  0.0500  0.0500  0.1000 
 0.1000  0.2000  0.2000  0.3000  0.2000 
 0.0500  0.2000  0.4000  0.2500  0.1000 
 0.2000  0.2000  0.2000  0.0500  0.3500 

N=100 Nexp=23040000000
Distribution initiale
 0.9900  0.0000  0.0000  0.0000  0.0100 
